Vampiros que faltam:

16
23 25 31 37 39
43
71 72 73
83 84 87 90 92 93 94 95 96
104 107 108 109 111 114 119
120 125 127 128 131 132 138
140 142 145 148 149 151 157
161
180 190 197
201 206 212 217 218
222 231 233 235 239
240 243 246 249 250 254 255 256
260 262 263 265 270 271 274
286 291 293 294 296 
300 307 316 319
324 327 329 330 333
346 347 348 349 352 355 357
361 363 367 370 371 374 376 378 379
381 382 385 386 388 392 394 399 
402 405 410 411 414
420 421
442 443 446 447 451 452 453 457 459
461 463 468 469 476
506 513 515 517 
528 529
550 557 559 
569 570 577
580 581 584 585 589 595
602 606 608 609 612 614 617 
621 629 632 633 636 639
651 652 656
660 664 666 678 
684 692 694
